Mode: OTHER
Date: 20260623_195800
Result: Finished
Moves:
7 7 1
6 7 2
7 6 1
7 8 2
7 5 1
7 4 2
8 5 1
6 5 2
9 5 1
10 5 2
9 6 1
8 6 2
10 7 1
11 8 2
10 8 1
5 6 2
10 9 1
10 10 2
9 9 1
8 9 2
8 10 1
9 10 2
7 11 1
11 7 2
6 12 1
5 13 2
7 10 1
4 5 2
6 9 1
10 11 2
5 8 1
3 4 2
7 4 0
5 6 0
6 5 0
10 10 0
3 4 0
5 6 2
3 4 1
11 12 2
4 4 1
12 13 2
5 4 1
13 14 2
6 4 1
7 4 2
2 4 1
1 4 2
4 7 1
8 11 2
3 6 1
2 5 2
7 12 1
7 13 2
6 10 1
6 11 2
5 9 1
8 12 2
4 8 1
3 7 2
4 9 1
3 9 2
4 10 1
5 10 2
4 11 1
4 6 2
4 12 1
4 13 2
3 8 1
2 8 1
6 8 2
1 8 1
0 8 1
6 13 2
1 9 1
8 13 2
1 10 1
3 13 2
1 11 1
1 7 2
1 12 1
