Mode: OTHER
Date: 20260624_010641
Result: Finished
Moves:
8 7 1
7 7 2
7 6 1
6 5 2
9 8 1
10 9 2
8 6 2
9 7 1
9 6 2
10 7 1
11 7 2
7 6 0
11 7 1
12 7 2
10 6 1
9 5 2
8 8 1
7 9 2
11 5 1
12 4 1
13 3 2
11 6 1
11 8 2
11 4 1
11 3 1
11 2 2
9 9 1
8 9 2
7 8 1
6 8 2
9 10 1
9 11 2
10 8 1
10 4 2
12 6 1
8 10 2
12 5 1
13 5 2
13 4 1
14 3 2
10 4 0
9 5 0
8 10 0
8 6 0
10 9 0
8 10 2
10 12 1
5 7 2
4 6 1
10 9 2
10 5 1
10 4 2
9 5 1
8 5 2
10 10 1
8 4 2
10 11 1
13 6 2
11 11 1
12 12 2
11 12 1
14 5 2
10 13 1
10 14 2
9 12 1
12 3 2
12 13 2
12 11 1
13 10 2
8 12 1
7 12 2
8 11 1
7 10 2
10 9 1
11 10 2
11 8 2
11 9 1
10 7 2
12 9 1
13 9 2
12 10 1
13 11 2
8 6 1
7 5 2
7 6 1
7 4 2
6 3 1
6 6 2
9 13 1
8 14 2
8 13 1
4 8 2
14 5 0
8 10 0
12 7 0
6 5 0
11 2 0
8 10 2
12 8 1
12 7 2
13 7 1
6 5 2
11 2 2
14 6 1
9 3 2
7 11 1
10 2 2
13 8 1
3 9 2
12 8 1
2 10 2
1 11 1
10 8 2
12 6 1
13 6 2
14 7 1
9 7 2
12 8 1
9 6 2
12 7 1
9 11 2
8 10 1
10 10 2
9 8 1
12 9 2
9 9 1
10 8 2
9 11 1
9 12 2
9 7 1
9 6 2
10 9 1
11 8 2
8 7 1
8 9 2
8 8 1
10 7 2
9 6 1
9 8 2
9 4 1
11 8 2
8 8 1
6 6 2
7 9 1
11 13 2
9 9 1
8 14 2
6 10 1
10 6 2
5 11 1
8 8 2
8 9 1
9 3 2
9 6 1
9 8 2
4 12 1
3 13 2
8 9 1
8 14 2
9 9 1
7 5 2
7 9 1
8 10 2
10 9 1
6 9 2
11 9 1
12 9 2
9 11 1
8 4 2
9 12 1
9 13 2
7 9 1
11 9 2
9 11 1
9 3 2
8 8 1
6 9 2
9 7 1
10 6 2
10 7 1
6 9 2
10 8 1
11 9 2
10 10 1
9 8 2
10 11 1
10 12 2
9 13 1
7 9 2
9 14 1
